{"type":"list","attributes":{"names":{"type":"character","attributes":{},"value":["coef","sigma2","var.coef","mask","loglik","aic","arma","residuals","call","series","code","n.cond","nobs","model"]},"class":{"type":"character","attributes":{},"value":["Arima"]}},"value":[{"type":"double","attributes":{"names":{"type":"character","attributes":{},"value":["ar1","ar2","ma1","ma2","intercept"]}},"value":[0.40274751,0.23897134,0.66964872,0.14600191,579.05284249]},{"type":"double","attributes":{},"value":[0.47453489]},{"type":"double","attributes":{"dim":{"type":"integer","attributes":{},"value":[5,5]},"dimnames":{"type":"list","attributes":{},"value":[{"type":"character","attributes":{},"value":["ar1","ar2","ma1","ma2","intercept"]},{"type":"character","attributes":{},"value":["ar1","ar2","ma1","ma2","intercept"]}]}},"value":[1.34345349,-1.00304064,-1.33181701,-0.42508198,-0.0079858,-1.00304064,0.75954749,0.99454322,0.31061359,0.00833059,-1.33181701,0.99454322,1.33059155,0.42750841,0.00742791,-0.42508198,0.31061359,0.42750841,0.15148527,0.00128237,-0.0079858,0.00833059,0.00742791,0.00128237,0.11784522]},{"type":"logical","attributes":{},"value":[true,true,true,true,true]},{"type":"double","attributes":{},"value":[-103.20528214]},{"type":"double","attributes":{},"value":[218.41056427]},{"type":"integer","attributes":{},"value":[2,2,0,0,1,0,0]},{"type":"double","attributes":{"tsp":{"type":"double","attributes":{},"value":[1875,1972,1]},"class":{"type":"character","attributes":{},"value":["ts"]}},"value":[0.70376658,1.63571354,-0.69242806,0.53878722,-0.68454988,1.00246631,0.0811063,0.69632314,0.83059417,0.24167488,0.63005649,0.66674859,-0.04986265,-0.06729386,-0.09136067,0.18967099,-0.60046785,0.24162916,0.35903474,0.11561552,-1.11004908,0.01295819,0.67437144,-0.24107289,0.33389775,-0.54979862,0.60934434,-0.42257184,0.09457848,0.77703976,-0.04528279,0.0924843,0.3274225,0.22780195,-0.46874354,-0.43867611,-0.43030379,0.40357406,0.65011332,-0.73585319,-0.63030155,1.26620207,0.42362952,0.10899257,-0.37293969,-0.02293556,-0.50765858,0.26395011,-0.93393229,-0.22599701,-1.2668907,-0.19222752,0.55862832,0.28797596,1.71363929,-1.27882524,-1.60365692,-0.32059002,-0.39720946,-1.13463523,0.24273198,-0.6363232,-0.34617355,0.45534476,-0.1041472,-0.88626336,-0.38419137,0.85666732,0.73006686,-0.68996847,0.43060298,-0.10321141,0.21657706,-0.2545117,-1.06120356,0.24784808,1.32537185,0.81558183,-0.27290401,-0.00523012,-0.08917282,-0.67354287,-0.42398907,-1.03906411,-0.21434677,1.55720646,-1.37381708,-0.13814925,-1.21761779,-1.11311022,0.43281684,0.1462659,0.25729233,-0.12743742,1.1103217,-0.61717878,0.8205609,0.04916287]},{"type":"language","attributes":{},"value":["arima(x = LakeHuron, order = c(2, 0, 2))"]},{"type":"character","attributes":{},"value":["LakeHuron"]},{"type":"integer","attributes":{},"value":[0]},{"type":"integer","attributes":{},"value":[0]},{"type":"integer","attributes":{},"value":[98]},{"type":"list","attributes":{"names":{"type":"character","attributes":{},"value":["phi","theta","Delta","Z","a","P","T","V","h","Pn"]}},"value":[{"type":"double","attributes":{},"value":[0.40274751,0.23897134]},{"type":"double","attributes":{},"value":[0.66964872,0.14600191]},{"type":"double","attributes":{},"value":[]},{"type":"double","attributes":{},"value":[1,0,0]},{"type":"double","attributes":{},"value":[0.90715751,0.35278196,0.00717787]},{"type":"double","attributes":{"dim":{"type":"integer","attributes":{},"value":[3,3]}},"value":[0,0,0,0,0,0,0,0,0]},{"type":"double","attributes":{"dim":{"type":"integer","attributes":{},"value":[3,3]}},"value":[0.40274751,0.23897134,0,1,0,0,0,1,0]},{"type":"double","attributes":{"dim":{"type":"integer","attributes":{},"value":[3,3]}},"value":[1,0.66964872,0.14600191,0.66964872,0.44842941,0.09776999,0.14600191,0.09776999,0.02131656]},{"type":"double","attributes":{},"value":[0]},{"type":"double","attributes":{"dim":{"type":"integer","attributes":{},"value":[3,3]}},"value":[1,0.66964872,0.14600191,0.66964872,0.44842941,0.09776999,0.14600191,0.09776999,0.02131656]}]}]}
